
                                            [0m
                [38;2;192;165;106m⣀[38;2;195;168;108m⣀[38;2;197;170;110m⣀[38;2;200;173;112m⣀[38;2;202;175;114m⣀[38;2;204;177;116m⣀[38;2;206;179;118m⣀[38;2;201;174;113m⣀[38;2;166;139;84m⣀[38;2;169;142;86m⣀[38;2;171;144;88m⣀[38;2;173;146;89m⡀                [0m
           [38;2;180;153;95m⢀[38;2;182;155;97m⣠[38;2;185;158;99m⠔[38;2;188;161;102m⠊[38;2;197;170;109m⢻[38;2;160;133;78m⣡[38;2;151;124;71m⠴[38;2;153;126;73m⠚[38;2;199;172;111m⢹[38;2;157;130;76m⠁  [38;2;211;184;122m⢹[38;2;211;184;121m⠙[38;2;213;186;123m⠲[38;2;215;188;125m⢤[38;2;195;168;108m⣹[38;2;181;154;96m⠋[38;2;179;152;94m⠒[38;2;182;155;97m⢤[38;2;184;157;99m⣀            [0m
         [38;2;174;147;90m⢠[38;2;176;149;92m⠔[38;2;185;158;100m⠻[38;2;208;181;119m⣄[38;2;221;194;129m⢀[38;2;176;149;92m⣴[38;2;200;173;112m⣊[38;2;220;193;129m⣇[38;2;225;198;133m⣀[38;2;225;198;134m⣀[38;2;222;195;131m⣘[38;2;198;171;111m⡆  [38;2;205;178;116m⣞[38;2;139;112;60m⣀[38;2;139;112;61m⣀[38;2;179;152;95m⣀[38;2;192;165;105m⣏[38;2;188;161;102m⣲[38;2;220;193;129m⣄[38;2;152;125;72m⢀[38;2;198;171;110m⡼[38;2;187;160;101m⠓[38;2;190;163;104m⢤          [0m
       [38;2;166;139;84m⢀[38;2;177;150;93m⣴[38;2;192;165;106m⣃[38;2;215;188;124m⡤[38;2;217;190;126m⠒[38;2;185;158;100m⣻[38;2;194;167;107m⢯  [38;2;222;195;131m⠘[38;2;195;168;108m⡆ [38;2;138;111;60m⣠[38;2;199;172;112m⡿[38;2;204;177;116m⠛[38;2;191;164;104m⠻[38;2;225;198;133m⣧[38;2;226;199;134m⡀ [38;2;221;194;130m⡞  [38;2;222;195;130m⢨[38;2;221;194;130m⢿[38;2;166;139;83m⡓[38;2;149;122;69m⠢[38;2;151;124;71m⣄[38;2;188;161;102m⣳[38;2;197;170;110m⣄        [0m
      [38;2;162;135;80m⢀[38;2;183;156;98m⣾[38;2;210;183;121m⠞[38;2;195;168;108m⠓[38;2;217;190;127m⢄[38;2;159;132;78m⣰[38;2;140;113;62m⠃[38;2;220;193;129m⠈[38;2;205;178;117m⢳[38;2;221;194;130m⡀ [38;2;194;167;107m⣹[38;2;155;128;74m⡞[38;2;139;112;61m⠁[38;2;216;189;126m⢣ [38;2;213;186;123m⢠[38;2;220;193;129m⠃[38;2;225;198;133m⠙[38;2;223;196;131m⣾[38;2;222;195;131m⡁ [38;2;220;193;129m⣰[38;2;221;194;130m⠋ [38;2;225;198;133m⢳[38;2;224;197;132m⣀[38;2;215;188;124m⠔[38;2;192;165;106m⠛[38;2;170;143;87m⢾[38;2;201;174;113m⣆       [0m
     [38;2;202;175;114m⢀[38;2;197;170;110m⣞[38;2;208;181;119m⡁  [38;2;138;111;60m⢠[38;2;188;161;102m⠟[38;2;225;198;133m⣦[38;2;225;198;133m⡤[38;2;224;197;133m⠤[38;2;209;182;120m⢻[38;2;204;177;115m⣞[38;2;194;167;107m⠓[38;2;211;184;122m⢳[38;2;214;187;124m⠒[38;2;198;171;110m⣺[38;2;192;165;105m⡤[38;2;204;177;116m⣼[38;2;168;141;85m⡒[38;2;177;150;93m⢲[38;2;190;163;104m⠓[38;2;204;177;115m⢛[38;2;197;170;110m⣾[38;2;167;140;84m⠣[38;2;140;113;61m⠤[38;2;200;173;112m⣤[38;2;206;179;118m⡞[38;2;226;199;134m⢧   [38;2;197;170;110m⣙[38;2;184;157;99m⣆      [0m
    [38;2;197;170;110m⢠[38;2;180;153;96m⢿[38;2;156;129;75m⠃[38;2;213;186;123m⠈[38;2;194;167;107m⠓[38;2;223;196;132m⢦[38;2;211;184;122m⣼[38;2;225;198;134m⡚[38;2;226;199;134m⠁[38;2;219;192;129m⠙[38;2;210;183;121m⢦[38;2;161;134;79m⡞[38;2;198;171;111m⢘[38;2;191;164;104m⡦[38;2;182;155;97m⠞[38;2;176;149;92m⠋[38;2;169;142;86m⠁  [38;2;195;168;108m⠉[38;2;191;164;104m⠛[38;2;183;156;98m⠦[38;2;189;162;103m⣞[38;2;216;189;126m⠘[38;2;202;175;114m⣦[38;2;216;189;126m⠞[38;2;218;191;127m⠁[38;2;138;111;60m⠙[38;2;211;184;122m⣺[38;2;203;176;114m⣤[38;2;219;192;128m⠖[38;2;215;188;125m⠋ [38;2;202;175;114m⢻[38;2;166;139;84m⢧     [0m
    [38;2;195;168;108m⡮[38;2;173;146;90m⣸[38;2;215;188;125m⣀[38;2;225;198;133m⢀[38;2;226;199;134m⡴[38;2;226;199;134m⠋[38;2;138;111;60m⢸[38;2;220;193;129m⠉[38;2;216;189;126m⠒[38;2;210;183;121m⢤[38;2;186;159;100m⣸[38;2;200;173;113m⠟[38;2;194;167;107m⠉         [38;2;172;145;89m⠈[38;2;177;150;93m⠙[38;2;195;168;108m⢿[38;2;207;180;118m⣠[38;2;213;186;123m⠔[38;2;219;192;128m⠊[38;2;225;198;134m⢹[38;2;138;111;60m⠈[38;2;138;111;60m⠳[38;2;139;112;61m⣄[38;2;217;190;126m⢀[38;2;214;187;124m⣸[38;2;191;164;104m⡨[38;2;174;147;90m⡆    [0m
   [38;2;189;162;103m⢸ [38;2;148;121;68m⢸[38;2;223;196;132m⢀[38;2;224;197;132m⡟[38;2;224;197;132m⠉[38;2;222;195;130m⠒[38;2;172;145;88m⢺[38;2;217;190;127m⠤[38;2;216;189;125m⢤[38;2;209;182;120m⣞[38;2;176;149;92m⡟             [38;2;201;174;113m⠘[38;2;180;153;95m⣟[38;2;174;147;90m⣦[38;2;215;188;125m⠤[38;2;224;197;133m⢼[38;2;223;196;132m⠒[38;2;221;194;130m⠊[38;2;193;166;106m⠙[38;2;156;129;75m⣇[38;2;217;190;126m⢸ [38;2;176;149;92m⢸    [0m
   [38;2;186;159;100m⢸[38;2;199;172;111m⣀[38;2;179;152;95m⣘[38;2;222;195;130m⣞[38;2;221;194;129m⣀[38;2;221;194;129m⣀[38;2;221;194;129m⣀[38;2;221;194;129m⣀[38;2;181;154;96m⣧[38;2;215;188;125m⣋[38;2;196;169;109m⣀[38;2;179;152;95m⡇              [38;2;189;162;103m⣇[38;2;185;158;100m⣈[38;2;190;163;104m⣣[38;2;222;195;131m⣇[38;2;221;194;129m⣀[38;2;221;194;129m⣀[38;2;221;194;129m⣀[38;2;181;154;96m⣘[38;2;219;192;128m⣞[38;2;206;179;117m⣀[38;2;185;158;99m⣸    [0m
   [38;2;180;153;95m⢸ [38;2;219;192;128m⢰[38;2;173;146;89m⢳[38;2;141;114;62m⡀  [38;2;224;197;132m⢀[38;2;222;195;131m⠏[38;2;148;121;68m⢦[38;2;202;175;114m⣀[38;2;191;164;104m⡇              [38;2;182;155;97m⣇[38;2;215;188;125m⣠[38;2;219;192;128m⠎[38;2;142;115;63m⢇   [38;2;223;196;131m⣰[38;2;176;149;92m⢳ [38;2;185;158;100m⢸    [0m
   [38;2;175;148;91m⠸[38;2;173;146;89m⡀[38;2;214;187;124m⣸[38;2;216;189;126m⣀[38;2;166;139;83m⢷[38;2;193;166;106m⡤[38;2;223;196;131m⠒[38;2;225;198;133m⢺[38;2;220;193;129m⠉[38;2;211;184;121m⠉[38;2;164;137;82m⢳[38;2;195;168;108m⣷             [38;2;178;151;94m⢰[38;2;197;170;110m⣷[38;2;214;187;124m⠋[38;2;216;189;126m⠉[38;2;171;144;88m⢹[38;2;221;194;129m⠒[38;2;223;196;131m⠢[38;2;225;198;133m⣴[38;2;221;194;130m⢇[38;2;173;146;89m⣸[38;2;203;176;115m⡀[38;2;190;163;104m⡸    [0m
    [38;2;176;149;92m⢫[38;2;212;185;123m⢸  [38;2;138;111;60m⠙[38;2;138;111;60m⢦[38;2;226;199;134m⣸[38;2;222;195;131m⡤[38;2;216;189;126m⠒[38;2;210;183;121m⠉[38;2;196;169;108m⢸[38;2;185;158;100m⡷[38;2;173;146;89m⢤[38;2;178;151;93m⡀        [38;2;191;164;105m⣠[38;2;198;171;111m⠴[38;2;191;164;105m⣿[38;2;210;183;121m⠈[38;2;214;187;124m⠑[38;2;218;191;128m⠢[38;2;180;153;96m⣼[38;2;226;199;134m⣠[38;2;226;199;134m⠞[38;2;226;199;134m⠁ [38;2;152;125;72m⢸[38;2;197;170;110m⢨[38;2;194;167;107m⠃    [0m
    [38;2;167;140;84m⠈[38;2;177;150;93m⢿[38;2;208;181;119m⣆[38;2;212;185;122m⡠[38;2;216;189;126m⠖[38;2;221;194;130m⠋[38;2;226;199;134m⢹[38;2;138;111;60m⠲[38;2;165;138;83m⣄[38;2;218;191;127m⡴[38;2;215;188;125m⠋[38;2;216;189;125m⢳[38;2;208;181;119m⣰[38;2;187;160;101m⠋[38;2;190;163;104m⢳[38;2;192;165;105m⠦[38;2;198;171;110m⣄[38;2;202;175;114m⡀[38;2;170;143;87m⣀[38;2;170;143;87m⡤[38;2;183;156;98m⢶[38;2;183;156;98m⠋[38;2;200;173;112m⢳[38;2;164;137;82m⣰[38;2;170;143;87m⠋[38;2;215;188;125m⠳[38;2;224;197;133m⣄[38;2;226;199;134m⡴[38;2;191;164;105m⢺[38;2;225;198;134m⠉[38;2;220;193;129m⠓[38;2;192;165;105m⠦[38;2;208;181;119m⣀[38;2;169;142;86m⣾[38;2;199;172;111m⠏     [0m
      [38;2;195;168;108m⢳[38;2;172;145;89m⣄  [38;2;224;197;132m⢈[38;2;225;198;134m⣷[38;2;222;195;131m⠋[38;2;139;112;61m⠉[38;2;167;140;84m⢉[38;2;194;167;107m⡾[38;2;201;174;113m⠳[38;2;192;165;105m⣖[38;2;201;174;113m⡞[38;2;152;125;71m⠒[38;2;197;170;110m⢺[38;2;204;177;116m⠉[38;2;210;183;121m⢹[38;2;212;185;122m⠒[38;2;213;186;123m⠚[38;2;203;176;115m⣖[38;2;174;147;90m⡶[38;2;221;194;130m⠻[38;2;207;180;118m⣎[38;2;225;198;133m⠉[38;2;225;198;133m⠉[38;2;205;178;117m⢳[38;2;178;151;94m⣏  [38;2;207;180;118m⢀[38;2;197;170;110m⣴[38;2;204;177;116m⠃      [0m
       [38;2;192;165;106m⢻[38;2;177;150;93m⣳[38;2;186;159;100m⣖[38;2;184;157;98m⡁[38;2;225;198;133m⠘[38;2;224;197;132m⣆[38;2;221;194;130m⢠[38;2;221;194;130m⠞  [38;2;223;196;131m⡼[38;2;225;198;133m⠳[38;2;226;199;134m⣄[38;2;220;193;129m⡎ [38;2;215;188;125m⠈[38;2;199;172;111m⣆[38;2;139;112;61m⡴[38;2;188;161;102m⠻[38;2;220;193;129m⡄ [38;2;221;194;130m⠘[38;2;220;193;129m⢦[38;2;141;114;62m⢀[38;2;140;113;62m⡞ [38;2;214;187;124m⣑[38;2;200;173;112m⣶[38;2;186;159;100m⣻[38;2;164;137;82m⠃       [0m
        [38;2;195;168;108m⠙[38;2;193;166;106m⢆[38;2;150;123;70m⠉[38;2;148;121;68m⠒[38;2;187;160;101m⣾[38;2;222;195;130m⢯[38;2;182;155;97m⣀[38;2;142;115;63m⣀[38;2;200;173;112m⣰[38;2;180;153;95m⣃[38;2;139;112;61m⣀[38;2;167;140;85m⣈[38;2;212;185;122m⡿[38;2;204;177;116m⠶[38;2;173;146;90m⠾[38;2;211;184;121m⣏[38;2;226;199;134m⣀[38;2;225;198;133m⣀[38;2;210;183;120m⣳[38;2;223;196;132m⣀[38;2;222;195;131m⣀[38;2;182;155;97m⣨[38;2;207;180;118m⢿[38;2;216;189;125m⡖[38;2;216;189;126m⠊[38;2;194;167;107m⢁[38;2;171;144;87m⠞[38;2;170;143;87m⠁        [0m
         [38;2;190;163;104m⠈[38;2;189;162;103m⠑[38;2;189;162;103m⢾[38;2;189;162;103m⣁ [38;2;219;192;128m⠙[38;2;216;189;126m⢢[38;2;217;190;126m⣇  [38;2;216;189;126m⢰[38;2;219;192;128m⠃  [38;2;204;177;115m⢳  [38;2;149;122;69m⢀[38;2;202;175;114m⣧[38;2;146;119;66m⠚[38;2;144;117;65m⠁[38;2;182;155;97m⢀[38;2;189;162;103m⣹[38;2;178;151;94m⠖[38;2;175;148;91m⠉          [0m
            [38;2;182;155;97m⠈[38;2;180;153;95m⠑[38;2;177;150;93m⠢[38;2;187;160;101m⠾[38;2;183;156;98m⣌[38;2;196;169;109m⣙[38;2;194;167;107m⣲[38;2;201;174;113m⣼[38;2;207;180;118m⣄[38;2;205;178;117m⣀[38;2;203;176;115m⣀[38;2;197;170;110m⣼[38;2;172;145;88m⣴[38;2;169;142;86m⣚[38;2;172;145;88m⣉[38;2;194;167;107m⡼[38;2;191;164;104m⠦[38;2;186;159;101m⠒[38;2;184;157;98m⠉             [0m
                                            [0m
                                            [0m

  [38;2;227;200;135m G E O D I N E U M[0m
  [2mThe deterministic constellation · gcli[0m
